Таблиця оцінок альтернатив А1-А15 за критеріями к1-к9
 4  7  2  7  3  7  5  8  3 
 3  10  6  8  4  2  3  1  8 
 8  4  1  8  6  1  10  9  8 
 9  6  9  8  4  5  2  7  2 
 5  4  4  4  10  10  4  3  5 
 4  4  3  9  5  7  6  1  4 
 8  9  1  2  7  5  7  1  10 
 3  7  6  8  3  7  3  8  3 
 10  3  9  4  5  4  10  2  10 
 8  5  4  10  3  9  9  10  7 
 10  3  9  10  6  9  1  1  7 
 8  5  7  10  1  6  6  5  10 
 8  4  7  4  5  10  8  8  2 
 5  7  1  7  2  3  6  2  8 
 6  2  3  1  9  4  8  2  5 
Вагові коефіцієнти критеріїв к1-к9:
0.12 0.09 0.02 0.12 0.11 0.14 0.15 0.1 0.15
